0 0 
0 0 
0 0 
0 0 
0 0 
0 0 
0 0 
0 0 
0 0 
0 0 
0 0 
0 0 
0 0 
0 0 
0 0 
0 0 
0 0 
0 0 
0 0 
0 0 
0 0 
0 0 
0 0 
0 0 
0 0 
0 0 
0 0 
0 0 
0 0 
0 0 
0 0 
0 0 
0 0 
0 0 
0 0 
0 0 
0 0 
0 0 
0 0 
0 0 
0 0 
0 0 
0 0 
0 0 
0 0 
0 0 
0 0 
0 0 
0 0 
0 0 
0 0 
0 0 
0 0 
0 0 
0 0 
0 0 
0 0 
0 0 
0 0 
0 0 
0 0 
0 0 
0 0 
0 0 
0 0 
0 0 
0 0 
0 0 
0 0 
0 0 
0 0 
0 0 
0 0 
0 0 
0 0 
0 0 
0 0 
0 0 
0 0 
0 0 
0 0 
0 0 
0 0 
0 0 
0 0 
0 0 
0 0 
0 0 
0 0 
0 0 
0 0 
0 0 
0 0 
0 0 
0 0 
0 0 
0 0 
0 0 
0 0 
0 0 
0 0 
0 0 
0 0 
0 0 
0 0 
0 0 
0 0 
0 0 
0 0 
0 0 
0 0 
0 0 
0 0 
0 0 
0 0 
0 0 
0 0 
0 0 
0 0 
0 0 
0 0 
0.50390625 0 
25 0 
16.57421875 0 
15.4375 0 
42.88671875 0 
95.48046875 0 
155.50390625 0 
201.71875 0 
235.17578125 0 
299.359375 0 
395.8828125 0 
489.6640625 0 
563.015625 0 
644.21484375 0 
756.58984375 0 
890.12109375 0 
1011.24609375 0 
1124.61328125 0 
1251.53515625 0 
1408.08984375 0 
1574.31640625 0 
1732.37890625 0 
1884.72265625 0 
2056.89453125 0 
2253.27734375 0 
2453.81640625 0 
2648.26953125 0 
2843.84765625 0 
3059.22265625 0 
3293.01953125 0 
3528.53515625 0 
3760.69140625 0 
3999.78515625 0 
4257.64453125 0 
4527.30078125 0 
4798.06640625 0 
5070.37890625 0 
5353.58203125 0 
5651.44140625 0 
5957.08203125 0 
6264.03515625 0 
6576.37890625 0 
6902.67578125 0 
7240.44140625 0 
7581.80078125 0 
7927.06640625 0 
8281.41015625 0 
8646.94140625 0 
9020.81640625 0 
9389.00390625 0 
9742.11328125 0 
10086.94140625 0 
10427.78515625 0 
10766.34765625 0 
11098.47265625 0 
11414.58203125 0 
11718.28515625 0 
12019.00390625 0 
12318.55078125 0 
12610.94140625 0 
12888.67578125 0 
13153.50390625 0 
13414.33203125 0 
13674.92578125 0 
13929.70703125 0 
14165.75390625 0 
14390.30078125 0 
14613.56640625 0 
14837.09765625 0 
15051.37109375 0 
15246.23828125 0 
15431.71484375 0 
15618.11328125 0 
15804.42578125 0 
15975.83203125 0 
16128.75390625 0 
16277.93359375 0 
16427.25390625 0 
16574.29296875 0 
16703.40234375 0 
16819.36328125 0 
16930.0234375 0 
17038.47265625 0 
17146 0 
17235.87109375 0 
17310.1328125 0 
17385.125 0 
17457.9609375 0 
17521.5703125 0 
17570 0 
17614.44921875 0 
17644.48046875 0 
17668.61328125 0 
17696.765625 0 
17721.21484375 0 
17721.890625 0 
17715.68359375 0 
17713.00390625 0 
17713.00390625 0 
17713.00390625 0 
17713.00390625 0 
17713.50390625 0 
17714.50390625 0 
17714.50390625 0 
17714.50390625 0 
17714.50390625 0 
17714.50390625 0 
17714.50390625 0 
17713.50390625 0 
17713.50390625 0 
17714.50390625 0 
17714.50390625 0 
17714.50390625 0 
17714.50390625 0 
17714.50390625 0 
17714.50390625 0 
17714.50390625 0 
17714.50390625 0 
17714.50390625 0 
17714.50390625 0 
17714.50390625 0 
17713.50390625 0 
17713.50390625 0 
17714.50390625 0 
17714.50390625 0 
17714.50390625 0 
17714.50390625 0 
17714.50390625 0 
17714.50390625 0 
17714.50390625 0 
17714.50390625 0 
17714.50390625 0 
17714.50390625 0 
17714.50390625 0 
17714.50390625 0 
17714.50390625 0 
17714.50390625 0 
17714.50390625 0 
17714.50390625 0 
17714.50390625 0 
17714.50390625 0 
17713.50390625 0 
17713.50390625 0 
17714.50390625 0 
17714.50390625 0 
17714.50390625 0 
17714.50390625 0 
17713.50390625 0 
17713.50390625 0 
17713.50390625 0 
17713.50390625 0 
17713.50390625 0 
17713.50390625 0 
17713.50390625 0 
17714.50390625 0 
17714.50390625 0 
17714.50390625 0 
17714.50390625 0 
17714.50390625 0 
17714.50390625 0 
17714.50390625 0 
17714.50390625 0 
17714.50390625 0 
17713.50390625 0 
17713.50390625 0 
17714.50390625 0 
17714.50390625 0 
17714.50390625 0 
17714.50390625 0 
17714.50390625 0 
17714.50390625 0 
17714.50390625 0 
17714.50390625 0 
17714.50390625 0 
17713.50390625 0 
17713.50390625 0 
17714.50390625 0 
17714.50390625 0 
17714.50390625 0 
17714.50390625 0 
17714.50390625 0 
17714.50390625 0 
17714.50390625 0 
17714.50390625 0 
17714.50390625 0 
17713.50390625 0 
17713.50390625 0 
17714.50390625 0 
17714.50390625 0 
17714.50390625 0 
17714.50390625 0 
17714.50390625 0 
17714.50390625 0 
17714.50390625 0 
17714.50390625 0 
17714.50390625 0 
17713.50390625 0 
17713.50390625 0 
17714.50390625 0 
17714.50390625 0 
17714.50390625 0 
17714.50390625 0 
17714.50390625 0 
17714.50390625 0 
17714.50390625 0 
17714.50390625 0 
17714.50390625 0 
17714.50390625 0 
17714.50390625 0 
17714.50390625 0 
17714.50390625 0 
17713.50390625 0 
17713.50390625 0 
17714.50390625 0 
17714.50390625 0 
17714.50390625 0 
17714.50390625 0 
17714.50390625 0 
17714.50390625 0 
17714.50390625 0 
17714.50390625 0 
17714.50390625 0 
17714.50390625 0 
17714.50390625 0 
17714.50390625 0 
17714.50390625 0 
17714.50390625 0 
17714.50390625 0 
17714.50390625 0 
17713.50390625 0 
17713.50390625 0 
17713.50390625 0 
17713.50390625 0 
17714.50390625 0 
17714.50390625 0 
17714.50390625 0 
17714.50390625 0 
17714.50390625 0 
17714.50390625 0 
17714.50390625 0 
17714.50390625 0 
17714.50390625 0 
17714.50390625 0 
17714.50390625 0 
17714.50390625 0 
17714.50390625 0 
17714.50390625 0 
17714.50390625 0 
17714.50390625 0 
17714.50390625 0 
17714.50390625 0 
17714.50390625 0 
17714.50390625 0 
17714.50390625 0 
17714.50390625 0 
17714.50390625 0 
17714.50390625 0 
17713.50390625 0 
17713.50390625 0 
17713.50390625 0 
17714.50390625 0 
17713.50390625 0 
17713.50390625 0 
17713.50390625 0 
17713.50390625 0 
17714.50390625 0 
17714.50390625 0 
17714.50390625 0 
17714.50390625 0 
17714.50390625 0 
17714.50390625 0 
17714.50390625 0 
17714.50390625 0 
17714.50390625 0 
17714.50390625 0 
17714.50390625 0 
17714.50390625 0 
17714.50390625 0 
17714.50390625 0 
17714.50390625 0 
17714.50390625 0 
17714.50390625 0 
17713.50390625 0 
17713.50390625 0 
17713.50390625 0 
17713.50390625 0 
17714.50390625 0 
17714.50390625 0 
17714.50390625 0 
17714.50390625 0 
17714.50390625 0 
17714.50390625 0 
17714.50390625 0 
17714.50390625 0 
17714.50390625 0 
17714.50390625 0 
17714.50390625 0 
17714.50390625 0 
17713.50390625 0 
17713.50390625 0 
17713.50390625 0 
17714.50390625 0 
17714.50390625 0 
17714.50390625 0 
17714.50390625 0 
17714.50390625 0 
17714.50390625 0 
17714.50390625 0 
17714.50390625 0 
17714.50390625 0 
17714.50390625 0 
17714.50390625 0 
17714.50390625 0 
17714.50390625 0 
17713.50390625 0 
17713.50390625 0 
17713.50390625 0 
17713.50390625 0 
17714.50390625 0 
17714.50390625 0 
17714.50390625 0 
17714.50390625 0 
17714.50390625 0 
17714.50390625 0 
17714.50390625 0 
17714.50390625 0 
17714.50390625 0 
17714.50390625 0 
17714.50390625 0 
17714.50390625 0 
17714.50390625 0 
17714.50390625 0 
17714.50390625 0 
17714.50390625 0 
17714.50390625 0 
17714.50390625 0 
17714.50390625 0 
17714.50390625 0 
17714.50390625 0 
17714.50390625 0 
17713.50390625 0 
17713.50390625 0 
17714.50390625 0 
17714.50390625 0 
17714.50390625 0 
17714.50390625 0 
17714.50390625 0 
17714.50390625 0 
17714.50390625 0 
17714.50390625 0 
17714.50390625 0 
17714.50390625 0 
17714.50390625 0 
17714.50390625 0 
17714.50390625 0 
17714.50390625 0 
17714.50390625 0 
17714.50390625 0 
17714.50390625 0 
17714.50390625 0 
17713.50390625 0 
17713.50390625 0 
17714.50390625 0 
17714.50390625 0 
17714.50390625 0 
17714.50390625 0 
17714.50390625 0 
17714.50390625 0 
17713.50390625 0 
17714.50390625 0 
17714.50390625 0 
17714.50390625 0 
17714.50390625 0 
17714.50390625 -7.515625 
17714.50390625 -27.5703125 
17714.50390625 -34.69921875 
17714.50390625 -47.328125 
17714.50390625 -69.4453125 
17714.50390625 -103.0546875 
17714.50390625 -150.9296875 
17714.50390625 -204.81640625 
17714.50390625 -265.03125 
17714.50390625 -334.7890625 
17714.50390625 -407.0078125 
17714.50390625 -491.84765625 
17714.50390625 -585.12890625 
17714.50390625 -683.35546875 
17714.50390625 -791.015625 
17714.50390625 -908.0234375 
17714.50390625 -1030.4765625 
17714.50390625 -1162.6015625 
17714.50390625 -1300.5625 
17714.50390625 -1447.28125 
17714.50390625 -1601.09375 
17714.50390625 -1764.0078125 
17714.50390625 -1933.734375 
17714.50390625 -2112.5625 
17714.50390625 -2299.078125 
17714.50390625 -2491.9765625 
17714.50390625 -2693.609375 
17713.50390625 -2903.4375 
17713.50390625 -3120.6640625 
17714.50390625 -3345.953125 
17714.50390625 -3578.390625 
17714.50390625 -3819.28125 
17714.50390625 -4068.453125 
17714.50390625 -4325.484375 
17714.50390625 -4589.390625 
17714.50390625 -4861.40625 
17714.50390625 -5141.8125 
17714.50390625 -5429.59375 
17714.50390625 -5724.90625 
17714.50390625 -6028.578125 
17714.50390625 -6340.453125 
17714.50390625 -6659.484375 
17713.50390625 -6986.4375 
17713.50390625 -7321.546875 
17714.50390625 -7663.84375 
17714.50390625 -8014.5625 
17714.50390625 -8373.46875 
17714.50390625 -8739.515625 
17714.50390625 -9113.796875 
17714.50390625 -9495.671875 
17714.50390625 -9885.140625 
17714.50390625 -10283.109375 
17714.50390625 -10688.625 
17714.50390625 -11102.0625 
17714.50390625 -11523.140625 
17714.50390625 -11951.84375 
17714.50390625 -12389.1875 
17714.50390625 -12833.99609375 
17714.50390625 -13286.59375 
17714.50390625 -13746.53125 
17714.50390625 -14211.1875 
17714.50390625 -14666.5625 
17714.50390625 -15114.1875 
17714.50390625 -15556.015625 
17714.50390625 -15991.5 
17713.50390625 -16420.59375 
17713.50390625 -16842.03125 
17713.50390625 -17255.90625 
17713.50390625 -17661.484375 
17714.50390625 -18059.578125 
17714.50390625 -18450 
17714.50390625 -18832.109375 
17714.50390625 -19206.90625 
17714.50390625 -19572.8125 
17714.50390625 -19931.328125 
17714.50390625 -20282.546875 
17714.50390625 -20625.375 
17714.50390625 -20960.0625 
17714.50390625 -21287.265625 
17714.50390625 -21606.125 
17714.50390625 -21917.234375 
17714.50390625 -22220.890625 
17714.50390625 -22516.25 
17714.50390625 -22803.734375 
17713.50390625 -23083.8125 
17713.50390625 -23355.734375 
17713.50390625 -23619.5 
17713.50390625 -23875.5625 
17714.50390625 -24124.203125 
17714.50390625 -24365.078125 
17714.50390625 -24597.3125 
17714.50390625 -24821.65625 
17714.50390625 -25038.953125 
17714.50390625 -25248.3828125 
17714.50390625 -25449.328125 
17714.50390625 -25642.25 
17714.50390625 -25827.6640625 
17714.50390625 -26005.78125 
17714.50390625 -26175.6015625 
17714.50390625 -26338.2734375 
17713.50390625 -26490.99609375 
17713.50390625 -26638 
17713.50390625 -26775.4609375 
17714.50390625 -26907.3359375 
17714.50390625 -27029.296875 
17714.50390625 -27145.34375 
17714.50390625 -27250.66015625 
17714.50390625 -27349.47265625 
17714.50390625 -27442.3515625 
17713.50390625 -27523.62109375 
17713.50390625 -27599.9765625 
17714.50390625 -27667.1640625 
17714.50390625 -27729.82421875 
17714.50390625 -27779.57421875 
17714.50390625 -27821.01953125 
17714.50390625 -27860.60546875 
17714.50390625 -27890.05859375 
17714.50390625 -27909.97265625 
17714.50390625 -27922.140625 
17714.50390625 -27927.8671875 
17714.50390625 -27926.49609375 
17714.50390625 -27924.90625 
17713.50390625 -27913.953125 
17714.50390625 -27891.234375 
17714.50390625 -27860.30859375 
17714.50390625 -27822.7265625 
17714.50390625 -27771.43359375 
17714.50390625 -27709.85546875 
17713.50390625 -27646.546875 
17713.50390625 -27570.67578125 
17713.50390625 -27488.30859375 
17713.50390625 -27396 
17713.50390625 -27298.62109375 
17714.50390625 -27192.08984375 
17714.50390625 -27078.48828125 
17714.50390625 -26958.12109375 
17714.50390625 -26827.77734375 
17714.50390625 -26691.58203125 
17714.50390625 -26545.79296875 
17714.50390625 -26393.87890625 
17714.50390625 -26232.19140625 
17714.50390625 -26064.90234375 
17714.50390625 -25889.24609375 
17713.50390625 -25705.14453125 
17714.50390625 -25513.99609375 
17714.50390625 -25314.07421875 
17714.50390625 -25106.26171875 
17714.50390625 -24892.18359375 
17714.50390625 -24670 
17714.50390625 -24439.32421875 
17714.50390625 -24200.54296875 
17714.50390625 -23954.49609375 
17714.50390625 -23700.79296875 
17714.50390625 -23438.96484375 
17714.50390625 -23169.12109375 
17714.50390625 -22891.91796875 
17714.50390625 -22607.02734375 
17714.50390625 -22313.99609375 
17714.50390625 -22012.88671875 
17714.50390625 -21704.33984375 
17714.50390625 -21387.63671875 
17714.50390625 -21062.93359375 
17714.50390625 -20731.12109375 
17714.50390625 -20391.35546875 
17714.50390625 -20043.40234375 
17714.50390625 -19687.79296875 
17713.50390625 -19324.01171875 
17713.50390625 -18952.40234375 
17713.50390625 -18573.51171875 
17713.50390625 -18186.48046875 
17714.50390625 -17791.85546875 
17714.50390625 -17388.83984375 
17714.50390625 -16980.82421875 
17714.50390625 -16581.27734375 
17714.50390625 -16190.49609375 
17714.50390625 -15806.44921875 
17714.50390625 -15428.12109375 
17714.50390625 -15056 
17714.50390625 -14691.80859375 
17713.50390625 -14335.33984375 
17714.50390625 -13986.13671875 
17714.50390625 -13645.33984375 
17714.50390625 -13311.60546875 
17714.50390625 -12985.63671875 
17714.50390625 -12668.24609375 
17714.50390625 -12359.04296875 
17714.50390625 -12057.40234375 
17714.50390625 -11763.85546875 
17714.50390625 -11478.12109375 
17714.50390625 -11199.63671875 
17714.50390625 -10929.40234375 
17714.50390625 -10667.37109375 
17714.50390625 -10413.40234375 
17714.50390625 -10166.51171875 
17714.50390625 -9928.04296875 
17714.50390625 -9697.70703125 
17714.50390625 -9475.05859375 
17714.50390625 -9259.32421875 
17713.50390625 -9051.16796875 
17713.50390625 -8852 
17714.50390625 -8661.77734375 
17713.50390625 -8478.29296875 
17713.50390625 -8302.35546875 
17714.50390625 -8133.86328125 
17714.50390625 -7973.65234375 
17714.50390625 -7822.88671875 
17714.50390625 -7678.29296875 
17714.50390625 -7542.62109375 
17714.50390625 -7412.94140625 
17714.50390625 -7292.06640625 
17714.50390625 -7178.06640625 
17713.50390625 -7074.16015625 
17714.50390625 -6979.15625 
17714.50390625 -6890.3984375 
17714.50390625 -6808.3125 
17714.50390625 -6736.0234375 
17714.50390625 -6670.61328125 
17713.50390625 -6609.6640625 
17713.50390625 -6558.41015625 
17714.50390625 -6521.91796875 
17714.50390625 -6489.71484375 
17714.50390625 -6458.7734375 
17714.50390625 -6437.8515625 
17714.50390625 -6427.38671875 
17714.50390625 -6426 
17714.50390625 -6425.56640625 
17714.50390625 -6425 
17714.50390625 -6425 
17714.50390625 -6425 
17714.50390625 -6425 
17714.50390625 -6425 
17714.50390625 -6425 
17714.50390625 -6425 
17714.50390625 -6425 
17714.50390625 -6425 
17714.50390625 -6425 
17713.50390625 -6425 
17713.50390625 -6425 
17713.50390625 -6425 
17713.50390625 -6425 
17714.50390625 -6425 
17714.50390625 -6425 
17714.50390625 -6425 
17714.50390625 -6425 
17714.50390625 -6425 
17714.50390625 -6425 
17714.50390625 -6425 
17714.50390625 -6425 
17714.50390625 -6425 
17714.50390625 -6425 
17714.50390625 -6425 
17714.50390625 -6425 
17714.50390625 -6425 
17714.50390625 -6425 
17714.50390625 -6425 
17714.50390625 -6425 
17714.50390625 -6425 
17714.50390625 -6425 
17714.50390625 -6425 
17714.50390625 -6425 
17714.50390625 -6425 
17714.50390625 -6425 
17714.50390625 -6425 
17714.50390625 -6425 
17713.50390625 -6425 
17713.50390625 -6425 
17713.50390625 -6425 
17713.50390625 -6425 
17714.50390625 -6425 
17714.50390625 -6425 
17714.50390625 -6425 
17713.50390625 -6425 
17713.50390625 -6425 
17713.50390625 -6425 
17714.50390625 -6425 
17714.50390625 -6425 
17714.50390625 -6425 
17714.50390625 -6425 
17714.50390625 -6425 
17714.50390625 -6425 
17714.50390625 -6425 
17714.50390625 -6425 
17714.50390625 -6425 
17714.50390625 -6425 
17714.50390625 -6425 
17714.50390625 -6425 
17714.50390625 -6425 
17713.50390625 -6425 
17713.50390625 -6425 
17713.50390625 -6425 
17713.50390625 -6425 
17713.50390625 -6425 
17713.50390625 -6425 
17714.50390625 -6425 
17714.50390625 -6425 
17714.50390625 -6425 
17714.50390625 -6425 
17714.50390625 -6425 
17714.50390625 -6425 
17714.50390625 -6425 
17714.50390625 -6425 
17714.50390625 -6425 
17714.50390625 -6425 
17714.50390625 -6425 
17713.50390625 -6425 
17713.50390625 -6425 
17713.50390625 -6422.77734375 
17714.50390625 -6412.546875 
17714.50390625 -6393.5859375 
17714.50390625 -6363.85546875 
17714.50390625 -6323.42578125 
17714.50390625 -6279.55859375 
17714.50390625 -6235.22265625 
17714.50390625 -6178.52734375 
17714.50390625 -6113.3046875 
17714.50390625 -6038.921875 
17714.50390625 -5957.69921875 
17714.50390625 -5869.48046875 
17714.50390625 -5772.06640625 
17714.50390625 -5665.99609375 
17714.50390625 -5553.62890625 
17713.50390625 -5431.66796875 
17714.50390625 -5303.63671875 
17714.50390625 -5166.51171875 
17714.50390625 -5023.07421875 
17714.50390625 -4871.05078125 
17714.50390625 -4711.76171875 
17713.50390625 -4543.16796875 
17713.50390625 -4368.12109375 
17713.50390625 -4183.91015625 
17713.50390625 -3992.52734375 
17713.50390625 -3794.33984375 
17714.50390625 -3586.87890625 
17714.50390625 -3371.55859375 
17714.50390625 -3149.78515625 
17714.50390625 -2933.98046875 
17714.50390625 -2726.99609375 
17714.50390625 -2527.34765625 
17714.50390625 -2334.58984375 
17714.50390625 -2147.01953125 
17714.50390625 -1967.23046875 
17714.50390625 -1796.38671875 
17714.50390625 -1631.47265625 
17714.50390625 -1474.94140625 
17714.50390625 -1325.13671875 
17714.50390625 -1182.85546875 
17714.50390625 -1050.44921875 
17714.50390625 -927.47265625 
17713.50390625 -809.81640625 
17713.50390625 -701.84375 
17713.50390625 -600.046875 
17713.50390625 -507.01171875 
17713.50390625 -422 
17713.50390625 -344.015625 
17714.50390625 -271.7109375 
17714.50390625 -214.07421875 
17714.50390625 -159.92578125 
17714.50390625 -114.37109375 
17714.50390625 -76.99609375 
17714.50390625 -41.94140625 
17714.50390625 -18.36328125 
17714.50390625 -5.4453125 
17714.50390625 -2 
17713.50390625 -2 
17714.50390625 -2 
17714.50390625 -2 
17714.50390625 -2 
17714.50390625 -2 
17714.50390625 -2 
17714.50390625 -2 
17714.50390625 -2 
17714.50390625 -2 
17714.50390625 -2 
17714.50390625 -2 
17714.50390625 -2 
17714.50390625 -2 
17714.50390625 -2 
17714.50390625 -2 
17714.50390625 -2 
17714.50390625 -2 
17714.50390625 -2 
17714.50390625 -2 
17714.50390625 -2 
17714.50390625 -2 
17713.50390625 -0.85546875 
17713.50390625 0 
17714.50390625 0 
17714.50390625 0 
17714.50390625 0 
17714.50390625 0 
17714.50390625 0 
17714.50390625 0 
17714.50390625 0 
17714.50390625 0 
17714.50390625 0 
17714.50390625 0 
17714.50390625 0 
17714.50390625 0 
17714.50390625 0 
17714.50390625 0 
17714.50390625 0 
17714.50390625 0 
17714.50390625 0 
17714.50390625 0 
17714.50390625 0 
17714.50390625 0 
17714.50390625 0 
17714.50390625 0 
17714.50390625 0 
17714.50390625 0 
17714.50390625 0 
17714.50390625 0 
17714.50390625 0 
17714.50390625 0 
17713.50390625 0 
17713.50390625 0 
17714.50390625 0 
17714.50390625 0 
17714.50390625 0 
17714.50390625 0 
17714.50390625 0 
17714.50390625 0 
17714.50390625 0 
17714.50390625 0 
17714.50390625 0 
17713.50390625 0 
17713.50390625 0 
17714.50390625 0 
17714.50390625 0 
17714.50390625 0 
17714.50390625 0 
17714.50390625 0 
17714.50390625 0 
17714.50390625 0 
17714.50390625 0 
17714.50390625 0 
17714.50390625 0 
17714.50390625 0 
17714.50390625 0 
17714.50390625 0 
17714.50390625 0 
17714.50390625 0 
17714.50390625 0 
17714.50390625 0 
17714.50390625 0 
17713.50390625 0 
17714.50390625 0 
17714.50390625 0 
17714.50390625 0 
17714.50390625 0 
17714.50390625 0 
17714.50390625 0 
17714.50390625 0 
17714.50390625 0 
17714.50390625 0 
17714.50390625 0 
17714.50390625 0 
17714.50390625 0 
17714.50390625 0 
17714.50390625 0 
17714.50390625 0 
17714.50390625 0 
17714.50390625 0 
17714.50390625 0 
17714.50390625 0 
17714.50390625 0 
17714.50390625 0 
17714.50390625 0 
17714.50390625 0 
17714.50390625 0 
17714.50390625 0 
17714.50390625 0 
17714.50390625 0 
17714.50390625 0 
17714.50390625 0 
17714.50390625 0 
17713.50390625 0 
17713.50390625 0 
17713.50390625 0 
17713.50390625 0 
17713.50390625 0 
17713.50390625 0 
17714.50390625 0 
17714.50390625 0 
17714.50390625 0 
17714.50390625 0 
17714.50390625 0 
17714.50390625 0 
17714.50390625 0 
17714.50390625 0 
17714.50390625 0 
17714.50390625 0 
17713.50390625 0 
17713.50390625 0 
17714.50390625 0 
17714.50390625 0 
17714.50390625 0 
17714.50390625 0 
17714.50390625 0 
17714.50390625 0 
17714.50390625 0 
17714.50390625 0 
17714.50390625 0 
17714.50390625 0 
17714.50390625 0 
17714.50390625 0 
